[global_settings]
n_instances = 1
n_prior_included = 1
n_prior_excluded = 1
model = nn-2-layer
balance_strategy = double
query_strategy = max
feature_extraction = doc2vec

[balance_param]
a = 2.5037433197672065
alpha = 1.5818277944143873
b = 0.9131706151578256

[feature_param]
dbow_words = 0
dm = 0
dm_concat = 1
epochs = 25
min_count = 1
split_ta = 1
use_keywords = 1
vector_size = 128
window = 6

[model_param]
class_weight = 143.18330937739682
dense_width = 66
epochs = 30
learn_rate = 0.7193187765679315
optimizer = rmsprop
regularization = 0.0004555132334312966
