[global_settings]
n_instances = 20
n_prior_included = 1
n_prior_excluded = 1
model = logistic
balance_strategy = double
query_strategy = max
feature_extraction = doc2vec

[balance_param]
a = 0.22695250697768252
alpha = 1.5549239816871134
b = 0.16253923590607294

[feature_param]
dbow_words = 0
dm = 0
dm_concat = 1
epochs = 23
min_count = 1
split_ta = 1
use_keywords = 0
vector_size = 88
window = 6

[model_param]
c = 0.001284714592098303
class_weight = 6.337961944377609

