[global_settings]
n_instances = 1
n_prior_included = 1
n_prior_excluded = 1
model = logistic
balance_strategy = double
query_strategy = max
feature_extraction = doc2vec

[balance_param]
a = 0.0879023323999877
alpha = 1.2762376314198398
b = 0.042149406810895775

[feature_param]
dbow_words = 0
dm = 0
dm_concat = 1
epochs = 38
min_count = 1
split_ta = 1
use_keywords = 1
vector_size = 128
window = 5

[model_param]
c = 0.004861258562579709
class_weight = 56656.24114255431
