[global_settings]
n_instances = 1
n_prior_included = 1
n_prior_excluded = 1
model = logistic
balance_strategy = double
query_strategy = max
feature_extraction = doc2vec

[balance_param]
a = 0.21935730223684793
alpha = 1.911648815374984
b = 0.7777228683600497

[feature_param]
dbow_words = 0
dm = 0
dm_concat = 0
epochs = 25
min_count = 1
split_ta = 1
use_keywords = 0
vector_size = 128
window = 5

[model_param]
c = 0.005669519222069553
class_weight = 10.956155362506331
