[global_settings]
n_instances = 1
n_prior_included = 1
n_prior_excluded = 1
model = logistic
balance_strategy = double
query_strategy = max
feature_extraction = doc2vec

[balance_param]
a = 0.04897001719947262
alpha = 1.999625017399334
b = 0.16824067463147094

[feature_param]
dbow_words = 0
dm = 0
dm_concat = 0
epochs = 21
min_count = 1
split_ta = 1
use_keywords = 0
vector_size = 120
window = 9

[model_param]
c = 0.007310316218020152
class_weight = 20792.698039858642
