[global_settings]
n_instances = 1
n_prior_included = 1
n_prior_excluded = 1
model = logistic
balance_strategy = double
query_strategy = max
feature_extraction = doc2vec

[balance_param]
a = 0.5124234775008697
alpha = 0.7068923863926172
b = 0.4799992003194847

[feature_param]
dbow_words = 0
dm = 0
dm_concat = 0
epochs = 23
min_count = 1
split_ta = 1
use_keywords = 1
vector_size = 112
window = 6

[model_param]
C = 0.00426127562441188
class_weight = 30.698512922690778
