[global_settings]
n_instances = 1
n_prior_included = 1
n_prior_excluded = 1
model = logistic
balance_strategy = double
query_strategy = max
feature_extraction = doc2vec

[balance_param]
a = 0.19138700225098065
alpha = 1.484172472227384
b = 0.5229348087144372

[feature_param]
dbow_words = 0
dm = 0
dm_concat = 0
epochs = 32
min_count = 2
split_ta = 1
use_keywords = 0
vector_size = 120
window = 6

[model_param]
c = 0.003695425126038634
class_weight = 43795.40068533389
