[global_settings]
n_instances = 1
n_prior_included = 1
n_prior_excluded = 1
model = logistic
balance_strategy = double
query_strategy = max
feature_extraction = doc2vec

[balance_param]
a = 0.6686585048125044
alpha = 1.5691687461713553
b = 0.3395659929612248

[feature_param]
dbow_words = 0
dm = 0
dm_concat = 0
epochs = 24
min_count = 1
split_ta = 1
use_keywords = 1
vector_size = 72
window = 9

[model_param]
c = 0.014131100228856525
class_weight = 3.016094091645503
