[global_settings]
n_instances = 1
n_prior_included = 1
n_prior_excluded = 1
model = nn-2-layer
balance_strategy = double
query_strategy = max
feature_extraction = doc2vec

[balance_param]
a = 1.1026514046073774
alpha = 1.2136843108741748
b = 0.10702457415358935

[feature_param]
dbow_words = 0
dm = 2
dm_concat = 0
epochs = 24
min_count = 2
split_ta = 1
use_keywords = 0
vector_size = 72
window = 6

[model_param]
class_weight = 9.858763892312972
dense_width = 16
epochs = 48
learn_rate = 0.3939232821596786
optimizer = rmsprop
regularization = 0.1202900458255999
