[global_settings]
n_instances = 1
n_prior_included = 1
n_prior_excluded = 1
model = nn-2-layer
balance_strategy = double
query_strategy = max
feature_extraction = doc2vec

[balance_param]
a = 6.950513533370171
alpha = 0.9081714389313342
b = 0.5252187532303834

[feature_param]
dbow_words = 0
dm = 0
dm_concat = 1
epochs = 30
min_count = 2
split_ta = 1
use_keywords = 0
vector_size = 104
window = 9

[model_param]
class_weight = 22.906994967035278
dense_width = 83
epochs = 45
learn_rate = 4.322966883588217
optimizer = nadam
regularization = 0.05727063545854401
