[global_settings]
n_instances = 1
n_prior_included = 1
n_prior_excluded = 1
model = nn-2-layer
balance_strategy = double
query_strategy = max
feature_extraction = doc2vec

[balance_param]
a = 1.2070159024844251
alpha = 0.2351576098466157
b = 0.11488106493908368

[feature_param]
dbow_words = 1
dm = 2
dm_concat = 0
epochs = 26
min_count = 1
split_ta = 0
use_keywords = 1
vector_size = 40
window = 9

[model_param]
class_weight = 10.307912059423467
dense_width = 78
epochs = 47
learn_rate = 0.331364920366407
optimizer = adagrad
regularization = 0.0006826224982656161
