[global_settings]
n_instances = 1
n_prior_included = 1
n_prior_excluded = 1
model = nn-2-layer
balance_strategy = double
query_strategy = max
feature_extraction = doc2vec

[balance_param]
a = 3.62000783967956
alpha = 0.716078953063733
b = 0.5506737542440453

[feature_param]
dbow_words = 0
dm = 0
dm_concat = 0
epochs = 31
min_count = 2
split_ta = 1
use_keywords = 0
vector_size = 32
window = 9

[model_param]
class_weight = 25.23942918860099
dense_width = 45
epochs = 28
learn_rate = 0.7522466547707513
optimizer = rmsprop
regularization = 0.059995117538076015
