[global_settings]
n_instances = 1
n_prior_included = 1
n_prior_excluded = 1
model = nn-2-layer
balance_strategy = double
query_strategy = max
feature_extraction = doc2vec

[balance_param]
a = 0.4129006928180595
alpha = 1.250246598771385
b = 0.6806382010387313

[feature_param]
dbow_words = 0
dm = 0
dm_concat = 1
epochs = 23
min_count = 1
split_ta = 1
use_keywords = 0
vector_size = 40
window = 7

[model_param]
class_weight = 3.609006798106826
dense_width = 45
epochs = 58
learn_rate = 1.6795189674349202
optimizer = sgd
regularization = 0.05628914027810364
