[global_settings]
n_instances = 1
n_prior_included = 1
n_prior_excluded = 1
model = nn-2-layer
balance_strategy = double
query_strategy = max
feature_extraction = doc2vec

[balance_param]
a = 0.3893371393445303
alpha = 0.9871530701260827
b = 0.6579933472589128

[feature_param]
dbow_words = 0
dm = 0
dm_concat = 0
epochs = 28
min_count = 2
split_ta = 1
use_keywords = 1
vector_size = 72
window = 6

[model_param]
class_weight = 30.48432806756347
dense_width = 95
epochs = 22
learn_rate = 0.22187735033783415
optimizer = rmsprop
regularization = 0.025333414841657388
